x<-c(1,3,0,7,2,4,6,8)
A<-matrix(x,nrow=4,ncol=2)
A
